1639493638769 1266029 319 15980096 1639493638769 1.0000 9939
1639510294082 1266029 319 15980096 1639510294082 1.0000 9940
1639526949394 1266029 319 15980096 1639526949394 1.0000 9941
1639560260019 1266029 319 15980096 1639560260019 1.0000 9942
1639593570644 1266029 319 15980096 1639593570644 1.0000 9943
1639626881269 1266029 319 15980096 1639626881269 1.0000 9944
1639660191894 1266029 319 15980096 1639660191894 1.0000 9945
1639693502519 1266029 319 15980096 1639693502519 1.0000 9946
1639710157832 1266029 319 15980096 1639710157832 1.0000 9947
1639726813144 1266029 319 15980096 1639726813144 1.0000 9948
1639743468457 1266029 319 15980096 1639743468457 1.0000 9949
1639760123769 1266029 319 15980096 1639760123769 1.0000 9950
1639776779082 1266029 319 15980096 1639776779082 1.0000 9951
1639793434394 1266029 319 15980096 1639793434394 1.0000 9952
1639810089707 1266029 319 15980096 1639810089707 1.0000 9953
1639826745019 1266029 319 15980096 1639826745019 1.0000 9954
1639843400332 1266029 319 15980096 1639843400332 1.0000 9955
1639860055644 1266029 319 15980096 1639860055644 1.0000 9956
1639876710957 1266029 319 15980096 1639876710957 1.0000 9957
1639893366269 1266029 319 15980096 1639893366269 1.0000 9958
1639910021582 1266029 319 15980096 1639910021582 1.0000 9959
1639926676894 1266029 319 15980096 1639926676894 1.0000 9960
1639943332207 1266029 319 15980096 1639943332207 1.0000 9961
1639959987519 1266029 319 15980096 1639959987519 1.0000 9962
1639976642832 1266029 319 15980096 1639976642832 1.0000 9963
1639993298144 1266029 319 15980096 1639993298144 1.0000 9964
1640009953404 1266029 319 15980096 1640009953404 1.0000 9965
1640026608717 1266029 319 15980096 1640026608717 1.0000 9966
1640043264029 1266029 319 15980096 1640043264029 1.0000 9967
1640059919342 1266029 319 15980096 1640059919342 1.0000 9968
1640076574654 1266029 319 15980096 1640076574654 1.0000 9969
1640093229967 1266029 319 15980096 1640093229967 1.0000 9970
1640109885279 1266029 319 15980096 1640109885279 1.0000 9971
1640126540592 1266029 319 15980096 1640126540592 1.0000 9972
1640143195904 1266029 319 15980096 1640143195904 1.0000 9973
1640159851217 1266029 319 15980096 1640159851217 1.0000 9974
1640176506529 1266029 319 15980096 1640176506529 1.0000 9975
1640193161842 1266029 319 15980096 1640193161842 1.0000 9976
1640209817154 1266029 319 15980096 1640209817154 1.0000 9977
1640226472467 1266029 319 15980096 1640226472467 1.0000 9978
1640243127779 1266029 319 15980096 1640243127779 1.0000 9979
1640259783092 1266029 319 15980096 1640259783092 1.0000 9980
1640276438404 1266029 319 15980096 1640276438404 1.0000 9981
1640293093717 1266029 319 15980096 1640293093717 1.0000 9982
1640309749029 1266029 319 15980096 1640309749029 1.0000 9983
1640326404342 1266029 319 15980096 1640326404342 1.0000 9984
1640343059654 1266029 319 15980096 1640343059654 1.0000 9985
1640359714967 1266029 319 15980096 1640359714967 1.0000 9986
1640376370279 1266029 319 15980096 1640376370279 1.0000 9987
1640393025592 1266029 319 15980096 1640393025592 1.0000 9988
1640409680904 1266029 319 15980096 1640409680904 1.0000 9989
1640426336217 1266029 319 15980096 1640426336217 1.0000 9990
1640442991529 1266029 319 15980096 1640442991529 1.0000 9991
1640459646842 1266029 319 15980096 1640459646842 1.0000 9992
1640476302154 1266029 319 15980096 1640476302154 1.0000 9993
1640492957467 1266029 319 15980096 1640492957467 1.0000 9994
1640509612779 1266029 319 15980096 1640509612779 1.0000 9995
1640526268092 1266029 319 15980096 1640526268092 1.0000 9996
1640542923404 1266029 319 15980096 1640542923404 1.0000 9997
1640559578717 1266029 319 15980096 1640559578717 1.0000 9998
1640576234029 1266029 319 15980096 1640576234029 1.0000 9999
1640592889290 1266029 319 15980096 1640592889290 1.0000 10000
1640609544602 1266029 319 15980096 1640609544602 1.0000 10001
1640626199915 1294163 319 15980096 1640626199915 1.0000 10002
1640642855227 1294163 319 15980096 1640642855227 1.0000 10003
1640659510540 1294163 319 15980096 1640659510540 1.0000 10004
1640676165852 1294163 319 15980096 1640676165852 1.0000 10005
1640692821165 1266029 319 15980096 1640692821165 1.0000 10006
1640709476477 1266029 319 15980096 1640709476477 1.0000 10007
1640726131790 1266029 319 15980096 1640726131790 1.0000 10008
1640742787102 1237895 319 15980096 1640742787102 1.0000 10009
1640759442415 1237895 319 15980096 1640759442415 1.0000 10010
1640776097727 1209761 319 15980096 1640776097727 1.0000 10011
1640792753040 1209761 319 15980096 1640792753040 1.0000 10012
1640809408352 1181627 319 15980096 1640809408352 1.0000 10013
1640826063665 1181627 319 15980096 1640826063665 1.0000 10014
1640842718977 1181627 319 15980096 1640842718977 1.0000 10015
1640859374290 1181627 319 15980096 1640859374290 1.0000 10016
1640876029602 1181627 319 15980096 1640876029602 1.0000 10017
1640892684915 1181627 319 15980096 1640892684915 1.0000 10018
1640909340227 1181627 319 15980096 1640909340227 1.0000 10019
1640925995540 1181627 319 15980096 1640925995540 1.0000 10020
1640942650852 1181627 319 15980096 1640942650852 1.0000 10021
1640959306165 1181627 319 15980096 1640959306165 1.0000 10022
1640975961477 1209761 319 15980096 1640975961477 1.0000 10023
1640992616790 1237895 319 15980096 1640992616790 1.0000 10024
1641009272102 1237895 319 15980096 1641009272102 1.0000 10025
1641025927415 1266029 319 15980096 1641025927415 1.0000 10026
1641042582727 1266029 319 15980096 1641042582727 1.0000 10027
1641059238040 1294163 319 15980096 1641059238040 1.0000 10028
1641075893352 1294163 319 15980096 1641075893352 1.0000 10029
1641092548665 1294163 319 15980096 1641092548665 1.0000 10030
1641109203977 1294163 319 15980096 1641109203977 1.0000 10031
1641125859290 1294163 319 15980096 1641125859290 1.0000 10032
1641142514602 1294163 319 15980096 1641142514602 1.0000 10033
1641159169863 1266029 319 15980096 1641159169863 1.0000 10034
1641175825175 1237895 319 15980096 1641175825175 1.0000 10035
1641192480488 1237895 319 15980096 1641192480488 1.0000 10036
1641209135800 1209761 319 15980096 1641209135800 1.0000 10037
1641225791113 1181627 319 15980096 1641225791113 1.0000 10038
1641242446425 1153493 319 15980096 1641242446425 1.0000 10039
1641259101738 1153493 319 15980096 1641259101738 1.0000 10040
1641275757050 1153493 319 15980096 1641275757050 1.0000 10041
1641292412363 1153493 319 15980096 1641292412363 1.0000 10042
1641309067675 1181627 319 15980096 1641309067675 1.0000 10043
1641325722988 1209761 319 15980096 1641325722988 1.0000 10044
1641342378300 1237895 319 15980096 1641342378300 1.0000 10045
1641359033613 1237895 319 15980096 1641359033613 1.0000 10046
1641375688925 1266029 319 15980096 1641375688925 1.0000 10047
1641392344238 1266029 319 15980096 1641392344238 1.0000 10048
1641408999550 1294163 319 15980096 1641408999550 1.0000 10049
1641425654863 1294163 319 15980096 1641425654863 1.0000 10050
1641442310175 1322297 319 15980096 1641442310175 1.0000 10051
1641458965488 1322297 319 15980096 1641458965488 1.0000 10052
1641475620800 1350431 319 15980096 1641475620800 1.0000 10053
1641492276113 1378565 319 15980096 1641492276113 1.0000 10054
1641508931425 1378565 319 15980096 1641508931425 1.0000 10055
1641525586738 1378565 319 15980096 1641525586738 1.0000 10056
1641542242050 1378565 319 15980096 1641542242050 1.0000 10057
1641558897363 1350431 319 15980096 1641558897363 1.0000 10058
1641575552675 1350431 319 15980096 1641575552675 1.0000 10059
1641592207988 1322297 319 15980096 1641592207988 1.0000 10060
1641608863300 1322297 319 15980096 1641608863300 1.0000 10061
1641625518613 1294163 319 15980096 1641625518613 1.0000 10062
1641642173925 1266029 319 15980096 1641642173925 1.0000 10063
1641658829238 1237895 319 15980096 1641658829238 1.0000 10064
1641675484550 1209761 319 15980096 1641675484550 1.0000 10065
1641692139863 1181627 319 15980096 1641692139863 1.0000 10066
1641708795175 1181627 319 15980096 1641708795175 1.0000 10067
1641725450488 1181627 319 15980096 1641725450488 1.0000 10068
1641742105748 1153493 319 15980096 1641742105748 1.0000 10069
1641758761061 1153493 319 15980096 1641758761061 1.0000 10070
1641775416373 1181627 319 15980096 1641775416373 1.0000 10071
1641792071686 1209761 319 15980096 1641792071686 1.0000 10072
1641808726998 1237895 319 15980096 1641808726998 1.0000 10073
1641825382311 1266029 319 15980096 1641825382311 1.0000 10074
1641842037623 1294163 319 15980096 1641842037623 1.0000 10075
1641858692936 1350431 319 15980096 1641858692936 1.0000 10076
1641875348248 1406699 319 15980096 1641875348248 1.0000 10077
1641892003561 1434833 319 15980096 1641892003561 1.0000 10078
1641908658873 1462967 319 15980096 1641908658873 1.0000 10079
1641925314187 1491100 319 15980096 1641925314187 1.0000 10080
1641941969499 1519234 319 15980096 1641941969499 1.0000 10081
1641958624812 1547368 319 15980096 1641958624812 1.0000 10082
1641975280124 1547368 319 15980096 1641975280124 1.0000 10083
1641991935437 1547368 319 15980096 1641991935437 1.0000 10084
1642008590749 1547368 319 15980096 1642008590749 1.0000 10085
1642025246062 1547368 319 15980096 1642025246062 1.0000 10086
1642041901374 1519234 319 15980096 1642041901374 1.0000 10087
1642058556687 1491100 319 15980096 1642058556687 1.0000 10088
1642075211999 1491100 319 15980096 1642075211999 1.0000 10089
1642091867311 1462967 319 15980096 1642091867311 1.0000 10090
1642108522623 1434833 319 15980096 1642108522623 1.0000 10091
1642125177936 1378565 319 15980096 1642125177936 1.0000 10092
1642141833248 1350431 319 15980096 1642141833248 1.0000 10093
1642158488561 1322297 319 15980096 1642158488561 1.0000 10094
1642175143873 1266029 319 15980096 1642175143873 1.0000 10095
1642191799186 1237895 319 15980096 1642191799186 1.0000 10096
1642208454498 1209761 319 15980096 1642208454498 1.0000 10097
1642225109811 1181627 319 15980096 1642225109811 1.0000 10098
1642241765123 1181627 319 15980096 1642241765123 1.0000 10099
1642258420436 1153493 319 15980096 1642258420436 1.0000 10100
1642275075748 1153493 319 15980096 1642275075748 1.0000 10101
1642291731061 1153493 319 15980096 1642291731061 1.0000 10102
1642308386373 1153493 319 15980096 1642308386373 1.0000 10103
1642325041686 1153493 319 15980096 1642325041686 1.0000 10104
1642341696946 1153493 319 15980096 1642341696946 1.0000 10105
1642358352259 1153493 319 15980096 1642358352259 1.0000 10106
1642375007571 1125359 319 15980096 1642375007571 1.0000 10107
1642391662884 1125359 319 15980096 1642391662884 1.0000 10108
1642408318196 1125359 319 15980096 1642408318196 1.0000 10109
1642424973509 1125359 319 15980096 1642424973509 1.0000 10110
1642441628821 1125359 319 15980096 1642441628821 1.0000 10111
1642458284134 1125359 319 15980096 1642458284134 1.0000 10112
1642474939446 1153493 319 15980096 1642474939446 1.0000 10113
1642491594759 1153493 319 15980096 1642491594759 1.0000 10114
1642508250071 1181627 319 15980096 1642508250071 1.0000 10115
1642524911717 1181627 319 15980096 1642524911717 1.0000 10116
1642541567342 1209761 319 15980096 1642541567342 1.0000 10117
1642558222655 1237895 319 15980096 1642558222655 1.0000 10118
1642574877967 1266029 319 15980096 1642574877967 1.0000 10119
1642591533280 1294163 319 15980096 1642591533280 1.0000 10120
1642608188592 1322297 319 15980096 1642608188592 1.0000 10121
1642624843905 1350431 319 15980096 1642624843905 1.0000 10122
1642641499217 1350431 319 15980096 1642641499217 1.0000 10123
1642658154530 1378565 319 15980096 1642658154530 1.0000 10124
1642674809842 1378565 319 15980096 1642674809842 1.0000 10125
1642691465155 1378565 319 15980096 1642691465155 1.0000 10126
1642708120467 1378565 319 15980096 1642708120467 1.0000 10127
1642724775780 1378565 319 15980096 1642724775780 1.0000 10128
1642741431092 1378565 319 15980096 1642741431092 1.0000 10129
1642758086405 1378565 319 15980096 1642758086405 1.0000 10130
1642774741717 1350431 319 15980096 1642774741717 1.0000 10131
1642791397030 1322297 319 15980096 1642791397030 1.0000 10132
1642808052342 1266029 319 15980096 1642808052342 1.0000 10133
1642824707655 1237895 319 15980096 1642824707655 1.0000 10134
1642841362967 1237895 319 15980096 1642841362967 1.0000 10135
1642858018280 1209761 319 15980096 1642858018280 1.0000 10136
1642874673592 1181627 319 15980096 1642874673592 1.0000 10137
1642891328905 1181627 319 15980096 1642891328905 1.0000 10138
1642907984217 1181627 319 15980096 1642907984217 1.0000 10139
1642924639478 1209761 319 15980096 1642924639478 1.0000 10140
1642941294790 1209761 319 15980096 1642941294790 1.0000 10141
1642957950103 1266029 319 15980096 1642957950103 1.0000 10142
1642974605415 1294163 319 15980096 1642974605415 1.0000 10143
1642991260728 1322297 319 15980096 1642991260728 1.0000 10144
1643007916040 1350431 319 15980096 1643007916040 1.0000 10145
1643024571353 1378565 319 15980096 1643024571353 1.0000 10146
1643041226665 1406699 319 15980096 1643041226665 1.0000 10147
1643057881978 1434833 319 15980096 1643057881978 1.0000 10148
1643074537290 1462967 319 15980096 1643074537290 1.0000 10149
1643091192603 1462967 319 15980096 1643091192603 1.0000 10150
1643107847915 1462967 319 15980096 1643107847915 1.0000 10151
1643124503228 1462967 319 15980096 1643124503228 1.0000 10152
1643141158540 1462967 319 15980096 1643141158540 1.0000 10153
1643157813853 1434833 319 15980096 1643157813853 1.0000 10154
1643174469165 1406699 319 15980096 1643174469165 1.0000 10155
1643191124478 1378565 319 15980096 1643191124478 1.0000 10156
1643207779790 1350431 319 15980096 1643207779790 1.0000 10157
1643224435103 1322297 319 15980096 1643224435103 1.0000 10158
1643241090415 1294163 319 15980096 1643241090415 1.0000 10159
1643257745728 1266029 319 15980096 1643257745728 1.0000 10160
1643274401040 1237895 319 15980096 1643274401040 1.0000 10161
1643291056353 1237895 319 15980096 1643291056353 1.0000 10162
1643307711665 1237895 319 15980096 1643307711665 1.0000 10163
1643324366978 1237895 319 15980096 1643324366978 1.0000 10164
1643341022290 1237895 319 15980096 1643341022290 1.0000 10165
1643357677603 1237895 319 15980096 1643357677603 1.0000 10166
1643374332915 1237895 319 15980096 1643374332915 1.0000 10167
1643390988228 1237895 319 15980096 1643390988228 1.0000 10168
1643407643540 1266029 319 15980096 1643407643540 1.0000 10169
1643424298853 1266029 319 15980096 1643424298853 1.0000 10170
1643440954165 1266029 319 15980096 1643440954165 1.0000 10171
1643457609478 1266029 319 15980096 1643457609478 1.0000 10172
1643474264790 1266029 319 15980096 1643474264790 1.0000 10173
1643490920103 1266029 319 15980096 1643490920103 1.0000 10174
1643507575363 1237895 319 15980096 1643507575363 1.0000 10175
1643524230675 1237895 319 15980096 1643524230675 1.0000 10176
1643540885988 1209761 319 15980096 1643540885988 1.0000 10177
1643557541300 1209761 319 15980096 1643557541300 1.0000 10178
1643574196613 1181627 319 15980096 1643574196613 1.0000 10179
1643590851925 1181627 319 15980096 1643590851925 1.0000 10180
1643607507238 1181627 319 15980096 1643607507238 1.0000 10181
1643624162550 1181627 319 15980096 1643624162550 1.0000 10182
1643640817863 1181627 319 15980096 1643640817863 1.0000 10183
1643657473175 1181627 319 15980096 1643657473175 1.0000 10184
1643674128488 1181627 319 15980096 1643674128488 1.0000 10185
1643690783800 1209761 319 15980096 1643690783800 1.0000 10186
1643707439113 1209761 319 15980096 1643707439113 1.0000 10187
1643724094425 1237895 319 15980096 1643724094425 1.0000 10188
1643740749738 1266029 319 15980096 1643740749738 1.0000 10189
1643757405050 1294163 319 15980096 1643757405050 1.0000 10190
1643774060363 1294163 319 15980096 1643774060363 1.0000 10191
1643790715675 1322297 319 15980096 1643790715675 1.0000 10192
1643807370988 1322297 319 15980096 1643807370988 1.0000 10193
1643824026300 1322297 319 15980096 1643824026300 1.0000 10194
1643840681613 1322297 319 15980096 1643840681613 1.0000 10195
1643857336925 1322297 319 15980096 1643857336925 1.0000 10196
1643873992238 1322297 319 15980096 1643873992238 1.0000 10197
1643890647550 1294163 319 15980096 1643890647550 1.0000 10198
1643907302863 1294163 319 15980096 1643907302863 1.0000 10199
1643923958175 1294163 319 15980096 1643923958175 1.0000 10200
1643940613488 1266029 319 15980096 1643940613488 1.0000 10201
1643957268800 1266029 319 15980096 1643957268800 1.0000 10202
1643973924113 1266029 319 15980096 1643973924113 1.0000 10203
1643990579425 1237895 319 15980096 1643990579425 1.0000 10204
1644007234738 1266029 319 15980096 1644007234738 1.0000 10205
1644023890050 1294163 319 15980096 1644023890050 1.0000 10206
1644040545363 1294163 319 15980096 1644040545363 1.0000 10207
1644057200675 1322297 319 15980096 1644057200675 1.0000 10208
1644073855936 1322297 319 15980096 1644073855936 1.0000 10209
1644090511248 1322297 319 15980096 1644090511248 1.0000 10210
1644107166561 1322297 319 15980096 1644107166561 1.0000 10211
1644123821873 1322297 319 15980096 1644123821873 1.0000 10212
1644140477186 1322297 319 15980096 1644140477186 1.0000 10213
1644157132498 1322297 319 15980096 1644157132498 1.0000 10214
1644173787811 1322297 319 15980096 1644173787811 1.0000 10215
1644190443123 1322297 319 15980096 1644190443123 1.0000 10216
1644207098436 1322297 319 15980096 1644207098436 1.0000 10217
1644223753748 1322297 319 15980096 1644223753748 1.0000 10218
1644240409061 1294163 319 15980096 1644240409061 1.0000 10219
1644257064373 1294163 319 15980096 1644257064373 1.0000 10220
1644273719686 1266029 319 15980096 1644273719686 1.0000 10221
1644290374998 1237895 319 15980096 1644290374998 1.0000 10222
1644307030311 1237895 319 15980096 1644307030311 1.0000 10223
1644323685623 1237895 319 15980096 1644323685623 1.0000 10224
1644340340936 1237895 319 15980096 1644340340936 1.0000 10225
1644356996248 1237895 319 15980096 1644356996248 1.0000 10226
1644373651561 1237895 319 15980096 1644373651561 1.0000 10227
1644390306873 1237895 319 15980096 1644390306873 1.0000 10228
1644406962186 1266029 319 15980096 1644406962186 1.0000 10229
1644423617498 1266029 319 15980096 1644423617498 1.0000 10230
1644440272811 1294163 319 15980096 1644440272811 1.0000 10231
1644456928123 1322297 319 15980096 1644456928123 1.0000 10232
1644473583436 1350431 319 15980096 1644473583436 1.0000 10233
1644490238748 1350431 319 15980096 1644490238748 1.0000 10234
1644506894061 1378565 319 15980096 1644506894061 1.0000 10235
1644523549373 1378565 319 15980096 1644523549373 1.0000 10236
1644540204686 1406699 319 15980096 1644540204686 1.0000 10237
1644556859998 1434833 319 15980096 1644556859998 1.0000 10238
1644573515311 1434833 319 15980096 1644573515311 1.0000 10239
1644590170623 1406699 319 15980096 1644590170623 1.0000 10240
1644606825936 1406699 319 15980096 1644606825936 1.0000 10241
1644623481248 1378565 319 15980096 1644623481248 1.0000 10242
1644640136561 1350431 319 15980096 1644640136561 1.0000 10243
1644656791821 1322297 319 15980096 1644656791821 1.0000 10244
1644673447134 1294163 319 15980096 1644673447134 1.0000 10245
1644690102446 1237895 319 15980096 1644690102446 1.0000 10246
1644706757759 1209761 319 15980096 1644706757759 1.0000 10247
1644723413071 1181627 319 15980096 1644723413071 1.0000 10248
1644740068384 1153493 319 15980096 1644740068384 1.0000 10249
1644756723696 1125359 319 15980096 1644756723696 1.0000 10250
1644773379009 1125359 319 15980096 1644773379009 1.0000 10251
1644790034321 1097225 319 15980096 1644790034321 1.0000 10252
1644806689634 1069091 319 15980096 1644806689634 1.0000 10253
1644823344946 1069091 319 15980096 1644823344946 1.0000 10254
1644840000259 1069091 319 15980096 1644840000259 1.0000 10255
1644856655571 1069091 319 15980096 1644856655571 1.0000 10256
1644873310884 1097225 319 15980096 1644873310884 1.0000 10257
1644889966196 1097225 319 15980096 1644889966196 1.0000 10258
1644906621509 1125359 319 15980096 1644906621509 1.0000 10259
1644923276821 1153493 319 15980096 1644923276821 1.0000 10260
1644939932134 1181627 319 15980096 1644939932134 1.0000 10261
1644956587446 1209761 319 15980096 1644956587446 1.0000 10262
1644973242759 1237895 319 15980096 1644973242759 1.0000 10263
1644989898071 1266029 319 15980096 1644989898071 1.0000 10264
1645006553384 1294163 319 15980096 1645006553384 1.0000 10265
1645023208696 1322297 319 15980096 1645023208696 1.0000 10266
1645039864009 1322297 319 15980096 1645039864009 1.0000 10267
1645056519321 1322297 319 15980096 1645056519321 1.0000 10268
1645073174634 1322297 319 15980096 1645073174634 1.0000 10269
1645089829946 1322297 319 15980096 1645089829946 1.0000 10270
1645106485259 1294163 319 15980096 1645106485259 1.0000 10271
1645123140571 1294163 319 15980096 1645123140571 1.0000 10272
1645139795884 1294163 319 15980096 1645139795884 1.0000 10273
1645156451196 1266029 319 15980096 1645156451196 1.0000 10274
1645173106509 1266029 319 15980096 1645173106509 1.0000 10275
1645189761821 1237895 319 15980096 1645189761821 1.0000 10276
1645206417134 1237895 319 15980096 1645206417134 1.0000 10277
1645223072446 1209761 319 15980096 1645223072446 1.0000 10278
1645239727707 1209761 319 15980096 1645239727707 1.0000 10279
1645256383019 1181627 319 15980096 1645256383019 1.0000 10280
1645273038332 1153493 319 15980096 1645273038332 1.0000 10281
1645289693644 1153493 319 15980096 1645289693644 1.0000 10282
1645306348957 1153493 319 15980096 1645306348957 1.0000 10283
1645323004269 1153493 319 15980096 1645323004269 1.0000 10284
1645339659582 1153493 319 15980096 1645339659582 1.0000 10285
1645356314894 1153493 319 15980096 1645356314894 1.0000 10286
1645372970207 1153493 319 15980096 1645372970207 1.0000 10287
1645389625519 1153493 319 15980096 1645389625519 1.0000 10288
1645406280832 1153493 319 15980096 1645406280832 1.0000 10289
1645422936144 1153493 319 15980096 1645422936144 1.0000 10290
1645439591457 1181627 319 15980096 1645439591457 1.0000 10291
1645456246769 1181627 319 15980096 1645456246769 1.0000 10292
1645472902082 1209761 319 15980096 1645472902082 1.0000 10293
1645489557394 1209761 319 15980096 1645489557394 1.0000 10294
1645506212707 1181627 319 15980096 1645506212707 1.0000 10295
1645522868019 1181627 319 15980096 1645522868019 1.0000 10296
1645539523332 1181627 319 15980096 1645539523332 1.0000 10297
1645556178644 1153493 319 15980096 1645556178644 1.0000 10298
1645572833957 1153493 319 15980096 1645572833957 1.0000 10299
1645589489269 1153493 319 15980096 1645589489269 1.0000 10300
1645606144582 1153493 319 15980096 1645606144582 1.0000 10301
1645622799894 1153493 319 15980096 1645622799894 1.0000 10302
1645639455207 1181627 319 15980096 1645639455207 1.0000 10303
1645656110519 1209761 319 15980096 1645656110519 1.0000 10304
1645672765832 1237895 319 15980096 1645672765832 1.0000 10305
1645689421144 1237895 319 15980096 1645689421144 1.0000 10306
1645706076457 1266029 319 15980096 1645706076457 1.0000 10307
1645722731769 1294163 319 15980096 1645722731769 1.0000 10308
1645739387082 1322297 319 15980096 1645739387082 1.0000 10309
1645756042394 1322297 319 15980096 1645756042394 1.0000 10310
1645772697707 1350431 319 15980096 1645772697707 1.0000 10311
1645789353019 1378565 319 15980096 1645789353019 1.0000 10312
1645806008280 1378565 319 15980096 1645806008280 1.0000 10313
1645822663592 1406699 319 15980096 1645822663592 1.0000 10314
1645839318905 1406699 319 15980096 1645839318905 1.0000 10315
1645855974217 1406699 319 15980096 1645855974217 1.0000 10316
1645872629530 1406699 319 15980096 1645872629530 1.0000 10317
1645889284842 1406699 319 15980096 1645889284842 1.0000 10318
1645905940155 1378565 319 15980096 1645905940155 1.0000 10319
1645922595467 1350431 319 15980096 1645922595467 1.0000 10320
1645939250780 1322297 319 15980096 1645939250780 1.0000 10321
1645955906092 1322297 319 15980096 1645955906092 1.0000 10322
1645972561405 1294163 319 15980096 1645972561405 1.0000 10323
1645989216717 1266029 319 15980096 1645989216717 1.0000 10324
1646005872030 1266029 319 15980096 1646005872030 1.0000 10325
1646022527342 1237895 319 15980096 1646022527342 1.0000 10326
1646039182655 1266029 319 15980096 1646039182655 1.0000 10327
1646055837967 1294163 319 15980096 1646055837967 1.0000 10328
1646072493280 1294163 319 15980096 1646072493280 1.0000 10329
1646089148592 1322297 319 15980096 1646089148592 1.0000 10330
1646105803905 1350431 319 15980096 1646105803905 1.0000 10331
1646122459217 1378565 319 15980096 1646122459217 1.0000 10332
1646139114530 1406699 319 15980096 1646139114530 1.0000 10333
1646155769842 1406699 319 15980096 1646155769842 1.0000 10334
1646172425155 1406699 319 15980096 1646172425155 1.0000 10335
1646189080467 1378565 319 15980096 1646189080467 1.0000 10336
1646205735780 1378565 319 15980096 1646205735780 1.0000 10337
1646222391092 1350431 319 15980096 1646222391092 1.0000 10338
1646239046405 1350431 319 15980096 1646239046405 1.0000 10339
1646255701717 1322297 319 15980096 1646255701717 1.0000 10340
1646272357030 1294163 319 15980096 1646272357030 1.0000 10341
1646289012342 1266029 319 15980096 1646289012342 1.0000 10342
1646305667655 1237895 319 15980096 1646305667655 1.0000 10343
1646322322967 1209761 319 15980096 1646322322967 1.0000 10344
1646338978280 1181627 319 15980096 1646338978280 1.0000 10345
1646355633592 1181627 319 15980096 1646355633592 1.0000 10346
1646372288905 1153493 319 15980096 1646372288905 1.0000 10347
1646388944165 1153493 319 15980096 1646388944165 1.0000 10348
1646405599478 1125359 319 15980096 1646405599478 1.0000 10349
1646422254790 1125359 319 15980096 1646422254790 1.0000 10350
1646438910103 1125359 319 15980096 1646438910103 1.0000 10351
1646455565415 1153493 319 15980096 1646455565415 1.0000 10352
1646472220728 1153493 319 15980096 1646472220728 1.0000 10353
1646488876040 1181627 319 15980096 1646488876040 1.0000 10354
1646505531353 1209761 319 15980096 1646505531353 1.0000 10355
1646522186665 1237895 319 15980096 1646522186665 1.0000 10356
1646538841978 1266029 319 15980096 1646538841978 1.0000 10357
1646555497290 1294163 319 15980096 1646555497290 1.0000 10358
1646572152603 1322297 319 15980096 1646572152603 1.0000 10359
1646588807915 1350431 319 15980096 1646588807915 1.0000 10360
1646605463228 1350431 319 15980096 1646605463228 1.0000 10361
1646622118540 1406699 319 15980096 1646622118540 1.0000 10362
1646638773853 1406699 319 15980096 1646638773853 1.0000 10363
1646655429165 1406699 319 15980096 1646655429165 1.0000 10364
1646672084478 1406699 319 15980096 1646672084478 1.0000 10365
1646688739790 1406699 319 15980096 1646688739790 1.0000 10366
1646705395103 1378565 319 15980096 1646705395103 1.0000 10367
1646722050415 1350431 319 15980096 1646722050415 1.0000 10368
1646738705728 1322297 319 15980096 1646738705728 1.0000 10369
1646755361040 1294163 319 15980096 1646755361040 1.0000 10370
1646772016353 1266029 319 15980096 1646772016353 1.0000 10371
1646788671665 1237895 319 15980096 1646788671665 1.0000 10372
1646805326978 1209761 319 15980096 1646805326978 1.0000 10373
1646821982290 1209761 319 15980096 1646821982290 1.0000 10374
1646838637603 1209761 319 15980096 1646838637603 1.0000 10375
1646855292915 1209761 319 15980096 1646855292915 1.0000 10376
1646871948228 1237895 319 15980096 1646871948228 1.0000 10377
1646888603540 1237895 319 15980096 1646888603540 1.0000 10378
1646905258853 1266029 319 15980096 1646905258853 1.0000 10379
1646921914165 1294163 319 15980096 1646921914165 1.0000 10380
1646938569478 1294163 319 15980096 1646938569478 1.0000 10381
1646955224790 1322297 319 15980096 1646955224790 1.0000 10382
1646971880050 1350431 319 15980096 1646971880050 1.0000 10383
1646988535363 1350431 319 15980096 1646988535363 1.0000 10384
1647005190675 1350431 319 15980096 1647005190675 1.0000 10385
1647021845988 1350431 319 15980096 1647021845988 1.0000 10386
1647038501300 1350431 319 15980096 1647038501300 1.0000 10387
1647055156613 1350431 318 15980096 1647055156613 1.0000 10388
1647071811925 1350431 318 15980096 1647071811925 1.0000 10389
1647088467238 1350431 324 15980096 1647088467238 1.0000 10390
1647105122550 1322297 324 15980096 1647105122550 1.0000 10391
1647121777863 1294163 319 15980096 1647121777863 1.0000 10392
1647138433175 1266029 319 15980096 1647138433175 1.0000 10393
1647155088488 1237895 322 15980096 1647155088488 1.0000 10394
1647171743800 1237895 322 15980096 1647171743800 1.0000 10395
1647188399113 1209761 318 15980096 1647188399113 1.0000 10396
1647205054425 1209761 318 15980096 1647205054425 1.0000 10397
1647221709738 1209761 315 15980096 1647221709738 1.0000 10398
1647238365050 1237895 315 15980096 1647238365050 1.0000 10399
1647255020363 1237895 314 15980096 1647255020363 1.0000 10400
1647271675675 1266029 314 15980096 1647271675675 1.0000 10401
1647288330988 1266029 312 15980096 1647288330988 1.0000 10402
1647304986300 1322297 312 15980096 1647304986300 1.0000 10403
1647321641613 1350431 311 15980096 1647321641613 1.0000 10404
1647338296925 1378565 311 15980096 1647338296925 1.0000 10405
1647354952238 1406699 310 15980096 1647354952238 1.0000 10406
1647371607550 1434833 310 15980096 1647371607550 1.0000 10407
1647388262863 1462967 309 15980096 1647388262863 1.0000 10408
1647404918176 1491100 309 15980096 1647404918176 1.0000 10409
1647421573489 1491100 311 15980096 1647421573489 1.0000 10410
1647438228801 1491100 311 15980096 1647438228801 1.0000 10411
1647454884113 1462967 320 15980096 1647454884113 1.0000 10412
1647471539425 1462967 320 15980096 1647471539425 1.0000 10413
1647488194738 1434833 324 15980096 1647488194738 1.0000 10414
1647504850050 1406699 324 15980096 1647504850050 1.0000 10415
1647521505363 1350431 320 15980096 1647521505363 1.0000 10416
1647538160675 1322297 320 15980096 1647538160675 1.0000 10417
1647554815936 1294163 324 15980096 1647554815936 1.0000 10418
1647571471248 1266029 324 15980096 1647571471248 1.0000 10419
1647588126561 1237895 321 15980096 1647588126561 1.0000 10420
1647604781873 1209761 321 15980096 1647604781873 1.0000 10421
1647621437186 1209761 312 15980096 1647621437186 1.0000 10422
1647638092498 1209761 312 15980096 1647638092498 1.0000 10423
1647654747811 1237895 312 15980096 1647654747811 1.0000 10424
1647671403123 1237895 312 15980096 1647671403123 1.0000 10425
1647688058436 1266029 311 15980096 1647688058436 1.0000 10426
1647704713748 1266029 311 15980096 1647704713748 1.0000 10427
1647721369061 1294163 311 15980096 1647721369061 1.0000 10428
1647738024373 1322297 311 15980096 1647738024373 1.0000 10429
1647754679686 1350431 311 15980096 1647754679686 1.0000 10430
1647771334998 1350431 311 15980096 1647771334998 1.0000 10431
1647787990311 1322297 311 15980096 1647787990311 1.0000 10432
1647804645623 1322297 311 15980096 1647804645623 1.0000 10433
1647821300936 1322297 315 15980096 1647821300936 1.0000 10434
1647837956248 1322297 315 15980096 1647837956248 1.0000 10435
1647854611561 1322297 319 15980096 1647854611561 1.0000 10436
1647871266873 1294163 319 15980096 1647871266873 1.0000 10437
1647887922186 1266029 324 15980096 1647887922186 1.0000 10438
1647904577498 1237895 324 15980096 1647904577498 1.0000 10439
1647921232811 1209761 324 15980096 1647921232811 1.0000 10440
1647937888123 1181627 324 15980096 1647937888123 1.0000 10441
1647954543436 1153493 324 15980096 1647954543436 1.0000 10442
1647971198748 1125359 324 15980096 1647971198748 1.0000 10443
1647987854061 1125359 317 15980096 1647987854061 1.0000 10444
1648004509373 1125359 317 15980096 1648004509373 1.0000 10445
1648021164686 1125359 315 15980096 1648021164686 1.0000 10446
1648037819998 1125359 315 15980096 1648037819998 1.0000 10447
1648054475311 1125359 315 15980096 1648054475311 1.0000 10448
1648071130623 1125359 315 15980096 1648071130623 1.0000 10449
1648087785936 1153493 314 15980096 1648087785936 1.0000 10450
1648104441248 1153493 314 15980096 1648104441248 1.0000 10451
1648121096561 1181627 312 15980096 1648121096561 1.0000 10452
1648154407134 1237895 312 15980096 1648154407134 1.0000 10453
1648171062446 1266029 312 15980096 1648171062446 1.0000 10454
1648187717759 1266029 312 15980096 1648187717759 1.0000 10455
1648204373071 1266029 312 15980096 1648204373071 1.0000 10456
1648221028384 1266029 312 15980096 1648221028384 1.0000 10457
1648237683696 1266029 311 15980096 1648237683696 1.0000 10458
1648254339009 1266029 311 15980096 1648254339009 1.0000 10459
1648270994321 1266029 311 15980096 1648270994321 1.0000 10460
1648287649634 1266029 311 15980096 1648287649634 1.0000 10461
1648304304946 1266029 313 15980096 1648304304946 1.0000 10462
1648320960259 1266029 313 15980096 1648320960259 1.0000 10463
1648337615571 1266029 314 15980096 1648337615571 1.0000 10464
1648354270884 1266029 314 15980096 1648354270884 1.0000 10465
1648370926196 1237895 317 15980096 1648370926196 1.0000 10466
1648387581509 1237895 317 15980096 1648387581509 1.0000 10467
1648404236821 1237895 317 15980096 1648404236821 1.0000 10468
1648420892134 1237895 317 15980096 1648420892134 1.0000 10469
1648437547446 1237895 314 15980096 1648437547446 1.0000 10470
1648454202759 1237895 314 15980096 1648454202759 1.0000 10471
1648470858071 1237895 312 15980096 1648470858071 1.0000 10472
1648487513384 1237895 312 15980096 1648487513384 1.0000 10473
1648504168696 1237895 312 15980096 1648504168696 1.0000 10474
1648520824009 1237895 312 15980096 1648520824009 1.0000 10475
1648537479321 1237895 312 15980096 1648537479321 1.0000 10476
1648554134634 1237895 312 15980096 1648554134634 1.0000 10477
1648570789946 1237895 313 15980096 1648570789946 1.0000 10478
1648587445259 1237895 313 15980096 1648587445259 1.0000 10479
1648604100571 1237895 314 15980096 1648604100571 1.0000 10480
1648620755884 1237895 314 15980096 1648620755884 1.0000 10481
1648637411196 1237895 313 15980096 1648637411196 1.0000 10482
1648654066509 1237895 313 15980096 1648654066509 1.0000 10483
1648670721821 1237895 313 15980096 1648670721821 1.0000 10484
1648687377134 1237895 313 15980096 1648687377134 1.0000 10485
1648704032446 1209761 314 15980096 1648704032446 1.0000 10486
1648720687707 1209761 314 15980096 1648720687707 1.0000 10487
1648737343019 1209761 315 15980096 1648737343019 1.0000 10488
1648753998332 1209761 315 15980096 1648753998332 1.0000 10489
1648770653644 1209761 316 15980096 1648770653644 1.0000 10490
1648787308957 1209761 316 15980096 1648787308957 1.0000 10491
1648803964269 1209761 316 15980096 1648803964269 1.0000 10492
1648820619582 1209761 316 15980096 1648820619582 1.0000 10493
1648837274894 1209761 316 15980096 1648837274894 1.0000 10494
1648853930207 1209761 316 15980096 1648853930207 1.0000 10495
1648870585519 1209761 316 15980096 1648870585519 1.0000 10496
1648887240832 1209761 316 15980096 1648887240832 1.0000 10497
1648903896144 1209761 317 15980096 1648903896144 1.0000 10498
1648920551457 1209761 317 15980096 1648920551457 1.0000 10499
1648937206769 1209761 317 15980096 1648937206769 1.0000 10500
1648953862082 1209761 317 15980096 1648953862082 1.0000 10501
1648970517394 1209761 317 15980096 1648970517394 1.0000 10502
1648987172707 1209761 317 15980096 1648987172707 1.0000 10503
1649003828019 1209761 317 15980096 1649003828019 1.0000 10504
1649020483332 1209761 317 15980096 1649020483332 1.0000 10505
1649037138644 1237895 317 15980096 1649037138644 1.0000 10506
1649053793957 1237895 317 15980096 1649053793957 1.0000 10507
1649070449269 1237895 317 15980096 1649070449269 1.0000 10508
1649087104582 1237895 317 15980096 1649087104582 1.0000 10509
1649103759894 1237895 317 15980096 1649103759894 1.0000 10510
1649120415207 1237895 317 15980096 1649120415207 1.0000 10511
1649137070519 1237895 317 15980096 1649137070519 1.0000 10512
1649153725832 1237895 317 15980096 1649153725832 1.0000 10513
1649170381144 1237895 317 15980096 1649170381144 1.0000 10514
1649187036457 1237895 317 15980096 1649187036457 1.0000 10515
1649203691769 1237895 316 15980096 1649203691769 1.0000 10516
1649220347082 1237895 316 15980096 1649220347082 1.0000 10517
1649237002394 1237895 316 15980096 1649237002394 1.0000 10518
1649253657707 1237895 316 15980096 1649253657707 1.0000 10519
1649270313019 1237895 315 15980096 1649270313019 1.0000 10520
1649286968280 1237895 315 15980096 1649286968280 1.0000 10521
1649303623592 1266029 314 15980096 1649303623592 1.0000 10522
1649320278905 1294163 314 15980096 1649320278905 1.0000 10523
1649336934217 1294163 312 15980096 1649336934217 1.0000 10524
1649353589530 1294163 312 15980096 1649353589530 1.0000 10525
1649370244842 1294163 312 15980096 1649370244842 1.0000 10526
